0 0.5375 0.825 0.0828125 0.21171875
0 0.1296875 0.340625 0.0796875 0.096875
0 0.01484375 0.265625 0.0296875 0.14375
0 0.25625 0.40625 0.0484375 0.06171875
0 0.2859375 0.2875 0.046875 0.08828125
0 0.35859375 0.21484375 0.07421875 0.1234375
0 0.45234375 0.32890625 0.0375 0.05859375
0 0.4734375 0.0859375 0.08515625 0.115625
0 0.57109375 0.2984375 0.03671875 0.08515625
0 0.85625 0.11328125 0.2875 0.0953125
0 0.81484375 0.45703125 0.04609375 0.07109375
0 0.88515625 0.58046875 0.06015625 0.18203125
0 0.95390625 0.40859375 0.0875 0.08984375
